-1.000000000000000000e+01 5.060887399609466115e+02 1.830835395498399976e+01
-9.000000000000000000e+00 4.413290857709993134e+02 1.872983204263556445e+01
-8.000000000000000000e+00 3.035416420773245818e+02 1.634727728444449468e+01
-7.000000000000000000e+00 2.179074620547987422e+02 1.795821462548719794e+01
-6.000000000000000000e+00 1.680940526023139512e+02 1.901044145175329092e+01
-5.000000000000000000e+00 1.669655629166353776e+02 1.977587877896633728e+01
-4.000000000000000000e+00 9.362235322584230346e+01 1.272618914847130078e+01
-3.000000000000000000e+00 5.425901257185923754e+01 1.805635552194543436e+01
-2.000000000000000000e+00 2.743601983016840862e+01 1.516751178803230360e+01
-1.000000000000000000e+00 1.723084755549353275e+01 1.686960767818804641e+01
0.000000000000000000e+00 -5.991406929014517213e-02 1.875011628784284312e+01
1.000000000000000000e+00 2.237215117497417438e+01 1.957183526246591754e+01
2.000000000000000000e+00 2.684625304467472162e+01 1.882776796125484609e+01
3.000000000000000000e+00 6.413859395942870378e+01 1.950845610839924404e+01
4.000000000000000000e+00 5.823081207100061363e+01 1.820796454867795333e+01
5.000000000000000000e+00 1.778944102460768590e+02 1.793443550624316885e+01
6.000000000000000000e+00 1.746565936561555645e+02 1.614129543271342371e+01
7.000000000000000000e+00 2.730310760703524693e+02 1.255285521953208594e+01
8.000000000000000000e+00 3.446484374497160275e+02 1.328780288157388156e+01
9.000000000000000000e+00 4.274115733700186297e+02 1.861859143529864369e+01
1.000000000000000000e+01 5.075838022040275632e+02 1.085335781870309901e+01
